47531143053
383436789
21559711837
6682021393
45231726676
7707983399
4841404247
12539846458
45659751328
48514813343
4582497467
47946857564
32998737624
44432414911
36331270639
15301432782
46601512960
5699372699
48160124617
48488296157
31329178286
48455152998
7768445172
6326238031
47324980453
29568293324
2289024928
9491365370
5993320803
6336162636
1735234852
4098700639
6235595852
45140502949
38007512587
44812067132
1562801918
47324209814
48576465363
42783128704
44846672491
47852326362
48766396235
340340549
11912115346
6385319315
48567640324
48156201696
48292241246
46462526847
48254019627
14881038800
6700439368
44983368523
9614900270
10746579731
41678990877
48752625497
44476123203
4136715639
43983261116
48029257696
48099913491
9147288703
4775246874
44519317463
48615708779
47202438660
23194371830
7981685327
6953535236
4969820992
48807874410
47478740652
48387934138
48607649052
47707192098
10008498259
47459370537
11871596830
24383223423
18993961923
16443276781
46323841760
5455984775
8775617788
22326755723
11109685703
45273079579
48455044534
42207558958
1834472
4851555716
47841475592
6647342130
8636234217
48727602834
28471883335
13975791237
7996811121
38961181777
6472643817
42822734993
47484580330
48739711199
47000890743
38234785795
22103744562
2093722184
47970017354
3605217718
15880122732
2723694359
33406662940
48368286887
37329165188
48747842139
26328126900
21412385938
35796072106
14562935137
4734092005
43126270705
48570853585
16351751264
48449456524
48421511179
5501431901
47765987527
48608121441
12042843217
5695749019
43893383920
47458301301
654983315
6810020438
48559786950
1967071733
15895886705
37859379197
6881133724
48355191259
46631738038
47639009112
23686104973
2544456550
41165602994
6790395260
34456301849
8222454844
36531240853
48074905186
18147385147
47862787856
44488106969
6820960974
6239079331
6788201282
32346579372
46869779938
46213495415
47419072892
44297482356
12974974223
36972653680
45605334325
46021528642
8069730235
15415760203
31486181002
6445586507
7342883458
47971713209
46743177953
47590719033
1591645297
5600877893
28236948109
7370548559
6982763302
18187065066
48155819640
46343823244
47373572333
10351772486
4123514408
7265228373
48522312036
47671478212
17822393981
13683202035
35302377994
48388717770
44885086921
3287588304
46685616163
48810168249
8543785049
2123698131
48968818029
37704552067
