1379560965
48429323418
48176308786
1684054747
4909997038
2159041955
44043813804
2225714054
1997321740
920173807
910676694
544393162
1349561100
36526397405
12058016546
2119666414
6872952866
32047570111
3981215294
315053902
5108052147
1492673014
505403580
962916223
8082783756
960902156
534625833
48970776986
42737595289
1311232689
47458892099
461677497
39023576810
45253506274
494517069
1579759655
35660055828
48566223458
1326455456
3504851876
33160564152
44989143807
35310042182
5905565580
2208873431
13826587715
419751515
2290824471
48587686281
1490229350
47363293582
48456787333
1533928678
6943233884
48582593886
2241174265
