47372760453
47282620879
1296609000
28902233926
23802124913
492882683
2409439549
1597804204
2065273584
35366165936
47531822118
48733119319
23086183156
48437450778
48567307398
10130440245
34973496188
47727285482
22123431595
1628288077
5803386137
6244813354
48400311366
48747398162
48118026390
48741247119
46515610545
2224464153
48374940751
48781994898
17872839624
48339637899
46985256652
48982480064
6660834983
48446804285
48756310909
1067555444
5832138270
1982211244
4491019438
27236056335
2020248049
48978561612
33891580639
